0 0 0.0106895
0 0 0.0124642
0 0 0.0105429
0 0 0.0114698
0 0 0.0139102
0 0 0.0111065
0 0 0.0115759
0 0 0.00944731
0 0 0.00922345
0 0 0.010359
0 0 0.00963074
0 0 0.00961475
0 0 0.00933147
0 0 0.0118688
0 0 0.0103107
0 0 0.0100005
0 0 0.0084205
0 0 0.00905809
0 0 0.0113002
0 0 0.0105618
0 0 0.00919415
0 0 0.0114549
0 0 0.0111932
0 0 0.0119989
0 0 0.00996689
0 0 0.00919262
0 0 0.0098114
0 0 0.010597
0 0 0.00887179
0 0 0.011664
0 0 0.00939013
0 0 0.00954778
0 0 0.00947889
0 0 0.00953691
0 0 0.00974005
0 0 0.00918394
0 0 0.00970723
0 0 0.00987156
0 0 0.0108037
0 0 0.0102193
0 0 0.00935981
0 0 0.00935308
0 0 0.0112375
0 0 0.0104477
0 0 0.0111368
0 0 0.00932949
0 0 0.0108699
0 0 0.0100067
0 0 0.00894121
0 0 0.00971744
0 0 0.0108311
0 0 0.00901661
0 0 0.010654
0 0 0.00915792
0 0 0.00959265
0 0 0.00906713
0 0 0.0107427
0 0 0.00892979
0 0 0.00890542
0 0 0.00953356
0 0 0.00953446
0 0 0.00992404
0 0 0.00910409
0 0 0.0110805
0 0 0.00916762
0 0 0.00979412
0 0 0.0109868
0 0 0.00987065
0 0 0.0105876
0 0 0.00947697
0 0 0.00834512
0 0 0.00847664
0 0 0.0118137
0 0 0.0101687
0 0 0.00922218
0 0 0.00981245
0 0 0.00830148
0 0 0.00911072
0 0 0.0107613
0 0 0.00906858
0 0 0.00994503
0 0 0.00975653
0 0 0.00816138
0 0 0.00906015
0 0 0.00898104
0 0 0.0101549
0 0 0.00897014
0 0 0.00902054
0 0 0.00956776
0 0 0.0107045
0 0 0.0116299
0 0 0.0121483
0 0 0.0146933
0 0 0.012934
0 0 0.0127395
0 0 0.0114176
0 0 0.0109996
0 0 0.0126103
0 0 0.0124739
0 0 0.0129017
0 0 0.0119567
0 0 0.0169652
0 0 0.0162318
0 0 0.0116048
0 0 0.0124552
0 0 0.013824
0 0 0.0121789
0 0 0.0122457
